1589;1601;1589;12;7;7;22;28;28;0;0;0;
5045;5057;5057;14;9;9;23;28;28;0;0;0;
5466;5455;5467;12;8;9;24;28;28;0;0;0;
5818;5840;5828;13;11;11;24;28;28;0;0;0;
5958;5949;5949;12;9;9;25;28;28;0;0;0;
5923;5925;5912;12;10;10;26;28;28;1;0;0;
6346;6347;6358;11;9;9;27;28;28;0;0;0;
5742;5743;5744;13;12;12;27;28;28;0;0;0;
6985;6985;6985;16;11;12;23;28;28;277;0;0;
3682;7792;7771;20;12;12;20;28;28;517;0;0;
4873;6342;6348;20;11;12;20;28;28;271;0;0;
7577;6637;6659;22;11;11;20;28;28;0;0;0;
9319;6721;6684;22;11;11;21;28;28;0;0;0;
8716;6636;6668;17;11;11;22;28;28;0;0;0;
6450;6443;6436;15;11;11;23;28;28;0;0;0;
6421;6419;6407;13;10;11;24;28;28;0;0;0;
6492;6491;6503;13;10;11;25;28;28;0;0;0;
6347;6359;6358;13;11;11;25;28;28;0;0;0;
6225;6608;6600;21;11;11;20;28;28;470;0;0;
4932;6406;6451;21;11;11;20;28;28;410;0;0;
4741;6465;6388;21;11;11;20;28;28;312;0;0;
7978;6638;6674;22;11;11;20;28;28;0;0;0;
8984;6685;6696;17;10;10;21;28;28;0;0;0;
3503;4300;3533;0;1;0;0;28;0;0;0;0;
0;409;0;0;0;0;0;0;0;0;0;0;
0;0;0;0;0;0;0;0;0;0;0;0;
0;0;0;0;0;0;0;0;0;0;0;0;
0;0;0;0;0;0;0;0;0;0;0;0;
0;0;0;0;0;0;0;0;0;0;0;0;
0;0;0;0;0;0;0;0;0;0;0;0;
0;0;0;0;0;0;0;0;0;0;0;0;
0;0;0;0;0;0;0;0;0;0;0;0;
0;0;0;0;0;0;0;0;0;0;0;0;
0;0;0;0;0;0;0;0;0;0;0;0;
0;0;0;0;0;0;0;0;0;0;0;0;
0;0;0;0;0;0;0;0;0;0;0;0;
0;0;0;0;0;0;0;0;0;0;0;0;
0;0;0;0;0;0;0;0;0;0;0;0;
0;0;0;0;0;0;0;0;0;0;0;0;
0;0;0;0;0;0;0;0;0;0;0;0;
0;0;0;0;0;0;0;0;0;0;0;0;
0;0;0;0;0;0;0;0;0;0;0;0;
